9986	??????????????????????????????????????????????????????????????????????????????????????????????????????????????????????
8663	0000000000000000000000000000000000000000000000000000000000000000000011000110100000001001101001000101010100000000000000
8722	1000000000000000011010100000100000000000100000000000000000010100101000000000000000000000000000000000000000000000000000
8673	0000000000000000000000000000000000000000000000000000000000000000000011000110100000001001101001110000000000000000000000
8730	1000000000000000011010100000100000000000110001010101110000000000000000000000000000000000000000000000000000000000000000
865857	??????????????????????????????????????????????????????????????????????????????????????????????????????????????????????
8692	1110100000000000000000000000000000000000000000000000000000000000000000000000000000000000000000000000000000000000000000
9796	??????????????????????????????????????????????????????????????????????????????????????????????????????????????????????
38415	??????????????????????????????????????????????????????????????????????????????????????????????????????????????????????
8723	1000000000000000011010100000100000000000100000000000000000010111000000000000000000000000000000000000000000000000000000
8665	0000000000000000000000000000000000000000000000000000000000000000000011000110111000000000000000000000000000000000000000
8739	1000000000000000011010100000100000000000110001010101000011000000000000000000000000000000000000000000000000000000000000
8733	1000000000000000011010100000100000000000110001010101101100000000000000000000000000000000000000000000000000000000000000
7748	??????????????????????????????????????????????????????????????????????????????????????????????????????????????????????
8731	1000000000000000011010100000100000000000110001010101101000000000000000000000000000000000000000000000000000000000000000
196418	??????????????????????????????????????????????????????????????????????????????????????????????????????????????????????
8022	??????????????????????????????????????????????????????????????????????????????????????????????????????????????????????
111177	0000000000000000000000000000000000000000000000000000000000000000000011000110100000001001101001101000000000000000000000
7962	??????????????????????????????????????????????????????????????????????????????????????????????????????????????????????
234064	0000000000000000000000000000000000000000000000000000000000000000000011000100000000000000000000000000000010110000000000
8656	0000000000000000000000000000000000000000000000000000000000000000000011000110110101100000000000000000000000000000000000
8716	??????????????????????????????????????????????????????????????????????????????????????????????????????????????????????
46295	0000000000000000000000000000000000000000000000000000000000000000000010000000000000000000000000000000000000000100000101
8707	1100001000010110000000000000000000000000000000000000000000000000000000000000000000000000000000000000000000000000000000
9031	??????????????????????????????????????????????????????????????????????????????????????????????????????????????????????
8714	1000000000000000011010100000111011000000000000000000000000000000000000000000000000000000000000000000000000000000000000
242841	1000000000000000011010100000110000011000000000000000000000000000000000000000000000000000000000000000000000000000000000
111304	??????????????????????????????????????????????????????????????????????????????????????????????????????????????????????
8756	1000000000000000011010100000100000000000110001011000000000000000000000000000000000000000000000000000000000000000000000
8720	1000000000000000011010100000100000000000110001100000000000000000000000000000000000000000000000000000000000000000000000
338838	??????????????????????????????????????????????????????????????????????????????????????????????????????????????????????
10090	??????????????????????????????????????????????????????????????????????????????????????????????????????????????????????
66186	0000000000000000000000000000000000000000000000000000000000000000000011000110100000001001101001000101100000000000000000
62043	??????????????????????????????????????????????????????????????????????????????????????????????????????????????????????
8752	1000000000000000011010100000100000000000111100000000000000000000000000000000000000000000000000000000000000000000000000
8649	0000000000000000000000000000000000000000000000000000000000000000000011000110110101010000000000000000000000000000000000
13616	??????????????????????????????????????????????????????????????????????????????????????????????????????????????????????
35005	0000000000000000000000000000000000000000000000000000000000000000000010000000000000000000000000000000000000000111010000
44725	1000000000000000011010100000100000000000111010000000000000000000000000000000000000000000000000000000000000000000000000
8355	??????????????????????????????????????????????????????????????????????????????????????????????????????????????????????
9913	??????????????????????????????????????????????????????????????????????????????????????????????????????????????????????
8717	1000000000000000011100000000000000000000000000000000000000000000000000000000000000000000000000000000000000000000000000
8559	??????????????????????????????????????????????????????????????????????????????????????????????????????????????????????
61221	??????????????????????????????????????????????????????????????????????????????????????????????????????????????????????
66188	0000000000000000000000000000000000000000000000000000000000000000000011000110100000001001000000000000000000000000000000
7955	??????????????????????????????????????????????????????????????????????????????????????????????????????????????????????
62044	??????????????????????????????????????????????????????????????????????????????????????????????????????????????????????
29156	0000000000000000000000000000000000000000000000000000000000000000000011000110100000001001101001000101011000000000000000
8668	0000000000000000000000000000000000000000000000000000000000000000000011000110100000001001101001101000000000000000000000
62045	??????????????????????????????????????????????????????????????????????????????????????????????????????????????????????
100989	0000000000000000000000000000000000000000000000000000000000000000000011000110100000001001101001000101010100000000000000
1042543	??????????????????????????????????????????????????????????????????????????????????????????????????????????????????????
9646	??????????????????????????????????????????????????????????????????????????????????????????????????????????????????????
8694	1110110000000000000000000000000000000000000000000000000000000000000000000000000000000000000000000000000000000000000000
126484	0000000000000000000000000000000000000000000000000000000000000000000010000000000000000000000000000000000000000111100000
10112	??????????????????????????????????????????????????????????????????????????????????????????????????????????????????????
52202	??????????????????????????????????????????????????????????????????????????????????????????????????????????????????????
169847	??????????????????????????????????????????????????????????????????????????????????????????????????????????????????????
8781	??????????????????????????????????????????????????????????????????????????????????????????????????????????????????????
8671	0000000000000000000000000000000000000000000000000000000000000000000011000110100000001001101100000000000000000000000000
8773	1000000000000000010000000000000000000000000000000000000000000000000000000000000000000000000000000000000000000000000000
8613	0000000000000000000000000000000000000000000000000000000000000000000011000110100000001100000000000000000000000000000000
9823	??????????????????????????????????????????????????????????????????????????????????????????????????????????????????????
8765	1000000000000000011010110101000000000000000000000000000000000000000000000000000000000000000000000000000000000000000000
31155	1100001000010101100000000000000000000000000000000000000000000000000000000000000000000000000000000000000000000000000000
54390	0000000000000000000000000000000000000000000000000000000000000000000011000111000000000000000000000000000000000000000000
8741	??????????????????????????????????????????????????????????????????????????????????????????????????????????????????????
338839	0000000000000000000000000000000000000000000000000000000000000000000011110000000000000000000000000000000000000000000000
8551	??????????????????????????????????????????????????????????????????????????????????????????????????????????????????????
9606	??????????????????????????????????????????????????????????????????????????????????????????????????????????????????????
120305	0000000000000000000000000000000000000000000000000000000000000000000010000000000000000000000000000000000000000110001000
8729	1000000000000000011010100000100000000000110001010101000010100000000000000000000000000000000000000000000000000000000000
8364	??????????????????????????????????????????????????????????????????????????????????????????????????????????????????????
88087	1000000000000000011010100000110000010101000000000000000000000000000000000000000000000000000000000000000000000000000000
88086	1000000000000000011010100000110000010110000000000000000000000000000000000000000000000000000000000000000000000000000000
62052	??????????????????????????????????????????????????????????????????????????????????????????????????????????????????????
92438	0000000000000000000000000000000000000000000000000000000000000000000011000110100000001110000000000000000000000000000000
109781	1000000000000000011010100000111100000000000000000000000000000000000000000000000000000000000000000000000000000000000000
672774	??????????????????????????????????????????????????????????????????????????????????????????????????????????????????????
44722	1000000000000000011010100000100000000000100000000000000000011000000000000000000000000000000000000000000000000000000000
338837	??????????????????????????????????????????????????????????????????????????????????????????????????????????????????????
110206	1100001000010101000000000000000000000000000000000000000000000000000000000000000000000000000000000000000000000000000000
9103	??????????????????????????????????????????????????????????????????????????????????????????????????????????????????????
33626	??????????????????????????????????????????????????????????????????????????????????????????????????????????????????????
98334	1000000000000000011010100000100000000000100000000000000000010100101100000000000000000000000000000000000000000000000000
8767	1000000000000000011010111000000000000000000000000000000000000000000000000000000000000000000000000000000000000000000000
42165	0000000000000000000000000000000000000000000000000000000000000000000011000100000000000000000000000000000011000000000000
169840	??????????????????????????????????????????????????????????????????????????????????????????????????????????????????????
46267	0000000000000000000000000000000000000000000000000000000000000000000011101000000000000000000000000000000000000000000000
186611	??????????????????????????????????????????????????????????????????????????????????????????????????????????????????????
62035	??????????????????????????????????????????????????????????????????????????????????????????????????????????????????????
310520	??????????????????????????????????????????????????????????????????????????????????????????????????????????????????????
8697	1100001110000000000000000000000000000000000000000000000000000000000000000000000000000000000000000000000000000000000000
8083	??????????????????????????????????????????????????????????????????????????????????????????????????????????????????????
9544	??????????????????????????????????????????????????????????????????????????????????????????????????????????????????????
99586	1100001101100000000000000000000000000000000000000000000000000000000000000000000000000000000000000000000000000000000000
35024	1000000000000000011010100000100000000000110001010110000000000000000000000000000000000000000000000000000000000000000000
110224	1111000000000000000000000000000000000000000000000000000000000000000000000000000000000000000000000000000000000000000000
9521	??????????????????????????????????????????????????????????????????????????????????????????????????????????????????????
46577	0000000000000000000000000000000000000000000000000000000000000000000011000100000000000000000000000000000010101000000000
8018	??????????????????????????????????????????????????????????????????????????????????????????????????????????????????????
169852	??????????????????????????????????????????????????????????????????????????????????????????????????????????????????????
242054	1000000000000000011010100000111010100000000000000000000000000000000000000000000000000000000000000000000000000000000000
136040	??????????????????????????????????????????????????????????????????????????????????????????????????????????????????????
62042	??????????????????????????????????????????????????????????????????????????????????????????????????????????????????????
35671	1000000000000000011010100000111010100000000000000000000000000000000000000000000000000000000000000000000000000000000000
169841	??????????????????????????????????????????????????????????????????????????????????????????????????????????????????????
9483	??????????????????????????????????????????????????????????????????????????????????????????????????????????????????????
9541	??????????????????????????????????????????????????????????????????????????????????????????????????????????????????????
8616	0000000000000000000000000000000000000000000000000000000000000000000011000110100000001110000000000000000000000000000000
8726	1000000000000000011010100000100000000000100000000000000000010100110000000000000000000000000000000000000000000000000000
9601	??????????????????????????????????????????????????????????????????????????????????????????????????????????????????????
8670	0000000000000000000000000000000000000000000000000000000000000000000011000110100000001001101110000000000000000000000000
8724	1000000000000000011010100000100000000000100000000000000000010110000000000000000000000000000000000000000000000000000000
10116	??????????????????????????????????????????????????????????????????????????????????????????????????????????????????????
6183	??????????????????????????????????????????????????????????????????????????????????????????????????????????????????????
292442	0000000000000000000000000000000000000000000000000000000000000000000011000110100000001001101001000110000000000000000000
412038	0000000000000000000000000000000000000000000000000000000000000000000011000110100000001001110000000000000000000000000000
61970	??????????????????????????????????????????????????????????????????????????????????????????????????????????????????????
28377	??????????????????????????????????????????????????????????????????????????????????????????????????????????????????????
39682	1000000000000000011010110110000000000000000000000000000000000000000000000000000000000000000000000000000000000000000000
36307	1000000000000000011011000000000000000000000000000000000000000000000000000000000000000000000000000000000000000000000000
338818	0000000000000000000000000000000000000000000000000000000000000000000010000000000000000000000000000000000000000100000110
40353	1100001101000000000000000000000000000000000000000000000000000000000000000000000000000000000000000000000000000000000000
51750	??????????????????????????????????????????????????????????????????????????????????????????????????????????????????????
59729	??????????????????????????????????????????????????????????????????????????????????????????????????????????????????????
8631	??????????????????????????????????????????????????????????????????????????????????????????????????????????????????????
8644	0000000000000000000000000000000000000000000000000000000000000000000011000110110110000000000000000000000000000000000000
8709	1100001000011000000000000000000000000000000000000000000000000000000000000000000000000000000000000000000000000000000000
8030	??????????????????????????????????????????????????????????????????????????????????????????????????????????????????????
103944	1000000000000000011010100000110000010110000000000000000000000000000000000000000000000000000000000000000000000000000000
537493	??????????????????????????????????????????????????????????????????????????????????????????????????????????????????????
9598	??????????????????????????????????????????????????????????????????????????????????????????????????????????????????????
